400
0 -14.26964167
1 -37.99756967
2 -56.43601318
3 -61.85829057
4 -59.29957766
5 -58.62204105
6 -60.46089456
7 -53.90078056
8 -30.41603714
9 2.16048701
10 24.25052769
11 24.85127889
12 14.08400432
13 11.82918081
14 25.38101737
15 43.24371933
16 51.84793888
17 52.77116908
18 58.80845398
19 75.52635361
20 93.01908138
21 96.60590054
22 80.65100167
23 50.18346649
24 13.14622903
25 -23.02492479
26 -50.19741210
27 -62.08751852
28 -60.97725891
29 -57.89546859
30 -62.49584821
31 -73.12241970
32 -80.60550426
33 -81.33763667
34 -81.45496055
35 -85.92762376
36 -90.62066466
37 -93.50746418
38 -108.15531486
39 -145.02066989
40 -167.19096296
41 -81.91684188
42 188.61449518
43 610.68434624
44 1025.76169900
45 1254.63649627
46 1222.38939098
47 986.71713968
48 664.40596355
49 352.93450804
50 111.95147234
51 -24.92697747
52 -57.03915604
53 -28.15212599
54 -0.57883010
55 -5.20916751
56 -25.51497111
57 -33.15131178
58 -25.43296135
59 -19.87064057
60 -24.54031557
61 -29.48482788
62 -24.79499080
63 -13.45429685
64 -3.15947446
65 5.00135372
66 14.24741393
67 24.33526840
68 32.02635215
69 37.42915766
70 44.46191633
71 55.40897613
72 67.60552886
73 77.84599199
74 85.67420341
75 94.37330869
76 106.13283211
77 121.46793286
78 139.04883971
79 157.30442606
80 175.25137803
81 192.54706503
82 209.48635359
83 227.62198992
84 250.15786562
85 279.84206759
86 315.69364383
87 352.76281221
88 386.62854024
89 417.91012064
90 450.99422461
91 488.19516662
92 526.79749444
93 562.18288863
94 592.21081318
95 617.54045361
96 639.16669690
97 656.98724992
98 669.81786500
99 674.51577756
100 665.39300759
101 637.07408698
102 589.59007562
103 529.40344149
104 464.31832640
105 398.08739966
106 330.99047140
107 264.53382366
108 203.05215733
109 150.37540936
110 106.72763851
111 70.28990387
112 40.49473169
113 18.23036891
114 2.91324466
115 -8.61998419
116 -19.36320567
117 -29.12178201
118 -35.45708864
119 -37.35400409
120 -36.75694675
121 -36.29827031
122 -36.80334368
123 -37.69346281
124 -38.88032177
125 -40.70206247
126 -42.18158543
127 -41.05961458
128 -36.62122201
129 -31.77881190
130 -30.78752875
131 -34.78401852
132 -40.32426494
133 -42.65322882
134 -39.92455885
135 -34.30083937
136 -29.63683490
137 -28.55161708
138 -30.92724393
139 -34.34573409
140 -35.83458274
141 -34.05084537
142 -30.33798898
143 -27.69366534
144 -28.17347924
145 -31.13592181
146 -34.07761937
147 -35.27701698
148 -35.48140062
149 -36.83133852
150 -40.17093329
151 -44.03314249
152 -46.44325507
153 -47.11708367
154 -47.24965330
155 -47.59413483
156 -47.54354832
157 -46.42316792
158 -44.53039186
159 -42.55628427
160 -40.76154029
161 -39.46056357
162 -39.77296093
163 -42.52711747
164 -46.66566563
165 -49.58775808
166 -49.62753854
167 -47.64274930
168 -45.83512682
169 -45.76335576
170 -47.73636550
171 -51.22379169
172 -54.83762013
173 -56.45284680
174 -54.78244994
175 -51.14757528
176 -48.77489398
177 -49.83728619
178 -53.48901374
179 -57.19726611
180 -59.29352226
181 -59.73055615
182 -58.75811627
183 -56.49361376
184 -53.93526289
185 -53.06821804
186 -54.81957808
187 -57.34075452
188 -57.79361814
189 -55.80969898
190 -54.14789750
191 -55.25373826
192 -58.38885536
193 -60.84457677
194 -61.27696769
195 -60.46218377
196 -59.40375989
197 -58.27221286
198 -57.43012562
199 -57.88479989
200 -59.55997885
201 -60.49980091
202 -59.41465872
203 -58.43688655
204 -61.34375943
205 -68.21327153
206 -74.00182984
207 -73.97647957
208 -69.41985407
209 -65.84750481
210 -65.67879032
211 -65.97979923
212 -64.34147038
213 -63.14192175
214 -63.89561817
215 -59.78891104
216 -41.14066349
217 -10.45288779
218 14.22261972
219 17.59773872
220 6.21123446
221 1.86993579
222 15.82058961
223 36.74048665
224 47.69511239
225 48.31564714
226 52.79810449
227 68.77921020
228 86.59602195
229 90.87152183
230 76.05276295
231 47.67339232
232 13.22411403
233 -21.76114863
234 -51.27755417
235 -69.52011868
236 -76.37217719
237 -78.67491700
238 -83.05696541
239 -89.04582426
240 -92.01671504
241 -91.60796162
242 -92.58136667
243 -96.21858183
244 -97.53371900
245 -98.46742687
246 -117.28538455
247 -164.01901216
248 -194.43533466
249 -105.75474867
250 184.79512588
251 637.10973660
252 1076.40099772
253 1308.10078168
254 1256.05422599
255 993.43891324
256 656.39957101
257 348.50623381
258 118.57524840
259 -14.18239602
260 -51.98288596
261 -29.91754434
262 -2.78880103
263 -3.60994282
264 -22.72240266
265 -33.59927350
266 -28.81001992
267 -21.34087678
268 -19.89321343
269 -18.30813374
270 -9.66431848
271 1.66019747
272 7.32749712
273 7.15856017
274 7.79937633
275 12.98477640
276 20.47168352
277 27.70998983
278 35.05946683
279 43.33835761
280 51.12762132
281 58.01801233
282 65.67099128
283 76.86563130
284 90.72649366
285 104.63060392
286 117.25240464
287 130.14773232
288 145.47033765
289 163.84979192
290 184.80300541
291 207.85934759
292 232.55631753
293 258.27435958
294 284.91601803
295 313.78924600
296 346.73911354
297 383.97906977
298 423.33687241
299 461.53936255
300 496.10573002
301 526.67902341
302 554.87999228
303 582.68428804
304 609.55926309
305 631.08829220
306 641.71746382
307 639.29672372
308 626.11214943
309 604.47543441
310 572.59557774
311 526.79766830
312 467.15834203
313 398.89004528
314 327.89390177
315 257.50707586
316 190.67426974
317 132.68498504
318 88.34120896
319 56.74310301
320 31.74123660
321 8.91955765
322 -9.79181706
323 -19.80682585
324 -21.17993388
325 -20.01932364
326 -22.55973884
327 -29.29572074
328 -35.61329146
329 -37.22109765
330 -34.17219504
331 -30.35629629
332 -29.55380580
333 -32.24050998
334 -35.60826301
335 -36.62103380
336 -34.95346538
337 -32.98169380
338 -33.09719097
339 -35.84338117
340 -40.18546380
341 -44.67980874
342 -47.84398383
343 -48.64259865
344 -47.70445906
345 -47.53346690
346 -49.66707124
347 -52.08436425
348 -50.95328410
349 -45.64445969
350 -40.74499321
351 -41.91569165
352 -49.87918491
353 -59.27818406
354 -63.54380877
355 -60.57605456
356 -54.31027808
357 -51.04389970
358 -53.89009038
359 -60.12777869
360 -63.88147723
361 -62.32826804
362 -58.87690712
363 -59.12169396
364 -64.18153694
365 -69.54210799
366 -70.69348821
367 -68.08087173
368 -65.66041525
369 -66.12044788
370 -69.27385619
371 -73.99783442
372 -79.19905721
373 -82.71950999
374 -82.20783300
375 -78.32844249
376 -75.27883160
377 -76.67284452
378 -80.80904264
379 -82.62147044
380 -79.78937195
381 -75.78448570
382 -75.92035157
383 -81.00263165
384 -86.01286249
385 -85.32871961
386 -79.05186839
387 -73.04345477
388 -72.49459614
389 -76.86382718
390 -82.00061832
391 -86.03201282
392 -89.85647053
393 -92.28419989
394 -89.24177417
395 -81.05014787
396 -76.60753183
397 -83.59142593
398 -94.76529931
399 -90.97884564
