54
-27 -0.00052927
-26 -0.00091400
-25 0.00021674
-24 0.00132703
-23 0.00032138
-22 -0.00192382
-21 -0.00146836
-20 0.00236273
-19 0.00348466
-18 -0.00199258
-17 -0.00628372
-16 0.00000000
-15 0.00926694
-14 0.00434306
-13 -0.01127129
-12 -0.01140246
-11 0.01063071
-10 0.02096439
-9 -0.00525831
-8 -0.03215608
-7 -0.00754498
-6 0.04354615
-5 0.03259320
-4 -0.05341364
-3 -0.08568203
-2 0.06012213
-1 0.31118567
0 0.43750000
1 0.31118567
2 0.06012213
3 -0.08568203
4 -0.05341364
5 0.03259320
6 0.04354615
7 -0.00754498
8 -0.03215608
9 -0.00525831
10 0.02096439
11 0.01063071
12 -0.01140246
13 -0.01127129
14 0.00434306
15 0.00926694
16 0.00000000
17 -0.00628372
18 -0.00199258
19 0.00348466
20 0.00236273
21 -0.00146836
22 -0.00192382
23 0.00032138
24 0.00132703
25 0.00021674
26 -0.00091400
